1 ,1 ,1 ,1 ,1 ,1 ,1 ,1 ,1 ,1 ,1 ,1 ,2 ,2 ,2 ,2 ,2 ,3 ,3 ,3 ,3 ,3 ,4 ,4 ,4 ,4 ,4 ,5 ,5 ,5 ,5 ,5 ,6 ,6 ,6 ,6 ,6 ,7 ,7 ,7 ,7 ,7 ,8 ,8 ,8 ,8 ,8 ,9 ,9 ,9 ,9 ,9 ,10 ,10 ,10 ,10 ,10 ,11 ,11 ,11 ,11 ,11 ,12 ,12 ,12 ,12 ,12 ,13 ,13 ,13 ,13 ,13 ,14 ,14 ,14 ,14 ,14 ,15 ,15 ,15 ,15 ,15 ,16 ,16 ,16 ,16 ,16 ,17 ,17 ,17 ,17 ,17 ,18 ,18 ,18 ,18 ,19 ,19 ,19 ,19
1 ,1 ,1 ,1 ,1 ,1 ,1 ,1 ,1 ,1 ,1 ,1 ,2 ,2 ,2 ,2 ,2 ,3 ,3 ,3 ,3 ,3 ,4 ,4 ,4 ,4 ,4 ,5 ,5 ,5 ,5 ,5 ,6 ,6 ,6 ,6 ,6 ,7 ,7 ,7 ,7 ,7 ,8 ,8 ,8 ,8 ,8 ,9 ,9 ,9 ,9 ,9 ,10 ,10 ,10 ,10 ,10 ,11 ,11 ,11 ,11 ,11 ,12 ,12 ,12 ,12 ,12 ,13 ,13 ,13 ,13 ,13 ,14 ,14 ,14 ,14 ,14 ,15 ,15 ,15 ,15 ,15 ,16 ,16 ,16 ,16 ,16 ,17 ,17 ,17 ,17 ,17 ,18 ,18 ,18 ,18 ,19 ,19 ,19 ,19
1 ,1 ,1 ,1 ,1 ,1 ,1 ,1 ,1 ,1 ,1 ,1 ,2 ,2 ,2 ,2 ,2 ,3 ,3 ,3 ,3 ,3 ,4 ,4 ,4 ,4 ,4 ,5 ,5 ,5 ,5 ,5 ,6 ,6 ,6 ,6 ,6 ,7 ,7 ,7 ,7 ,7 ,8 ,8 ,8 ,8 ,8 ,9 ,9 ,9 ,9 ,9 ,10 ,10 ,10 ,10 ,10 ,11 ,11 ,11 ,11 ,11 ,12 ,12 ,12 ,12 ,12 ,13 ,13 ,13 ,13 ,13 ,14 ,14 ,14 ,14 ,14 ,15 ,15 ,15 ,15 ,15 ,16 ,16 ,16 ,16 ,16 ,17 ,17 ,17 ,17 ,17 ,18 ,18 ,18 ,18 ,19 ,19 ,19 ,19
1 ,1 ,1 ,1 ,1 ,1 ,1 ,1 ,1 ,1 ,1 ,1 ,2 ,2 ,2 ,2 ,2 ,3 ,3 ,3 ,3 ,3 ,4 ,4 ,4 ,4 ,4 ,5 ,5 ,5 ,5 ,5 ,6 ,6 ,6 ,6 ,6 ,7 ,7 ,7 ,7 ,7 ,8 ,8 ,8 ,8 ,8 ,9 ,9 ,9 ,9 ,9 ,10 ,10 ,10 ,10 ,10 ,11 ,11 ,11 ,11 ,11 ,12 ,12 ,12 ,12 ,12 ,13 ,13 ,13 ,13 ,13 ,14 ,14 ,14 ,14 ,14 ,15 ,15 ,15 ,15 ,15 ,16 ,16 ,16 ,16 ,16 ,17 ,17 ,17 ,17 ,17 ,18 ,18 ,18 ,18 ,19 ,19 ,19 ,19
1 ,1 ,1 ,1 ,1 ,1 ,1 ,1 ,1 ,1 ,1 ,1 ,2 ,2 ,2 ,2 ,2 ,3 ,3 ,3 ,3 ,3 ,4 ,4 ,4 ,4 ,4 ,5 ,5 ,5 ,5 ,5 ,6 ,6 ,6 ,6 ,6 ,7 ,7 ,7 ,7 ,7 ,8 ,8 ,8 ,8 ,8 ,9 ,9 ,9 ,9 ,9 ,10 ,10 ,10 ,10 ,10 ,11 ,11 ,11 ,11 ,11 ,12 ,12 ,12 ,12 ,12 ,13 ,13 ,13 ,13 ,13 ,14 ,14 ,14 ,14 ,14 ,15 ,15 ,15 ,15 ,15 ,16 ,16 ,16 ,16 ,16 ,17 ,17 ,17 ,17 ,17 ,18 ,18 ,18 ,18 ,19 ,19 ,19 ,19
1 ,1 ,1 ,1 ,1 ,1 ,1 ,1 ,1 ,1 ,1 ,1 ,2 ,2 ,2 ,2 ,2 ,3 ,3 ,3 ,3 ,3 ,4 ,4 ,4 ,4 ,4 ,5 ,5 ,5 ,5 ,5 ,6 ,6 ,6 ,6 ,6 ,7 ,7 ,7 ,7 ,7 ,8 ,8 ,8 ,8 ,8 ,9 ,9 ,9 ,9 ,9 ,10 ,10 ,10 ,10 ,10 ,11 ,11 ,11 ,11 ,11 ,12 ,12 ,12 ,12 ,12 ,13 ,13 ,13 ,13 ,13 ,14 ,14 ,14 ,14 ,14 ,15 ,15 ,15 ,15 ,15 ,16 ,16 ,16 ,16 ,16 ,17 ,17 ,17 ,17 ,17 ,18 ,18 ,18 ,18 ,19 ,19 ,19 ,19
1 ,1 ,1 ,1 ,1 ,1 ,1 ,1 ,1 ,1 ,1 ,1 ,2 ,2 ,2 ,2 ,2 ,3 ,3 ,3 ,3 ,3 ,4 ,4 ,4 ,4 ,4 ,5 ,5 ,5 ,5 ,5 ,6 ,6 ,6 ,6 ,6 ,7 ,7 ,7 ,7 ,7 ,8 ,8 ,8 ,8 ,8 ,9 ,9 ,9 ,9 ,9 ,10 ,10 ,10 ,10 ,10 ,11 ,11 ,11 ,11 ,11 ,12 ,12 ,12 ,12 ,12 ,13 ,13 ,13 ,13 ,13 ,14 ,14 ,14 ,14 ,14 ,15 ,15 ,15 ,15 ,15 ,16 ,16 ,16 ,16 ,16 ,17 ,17 ,17 ,17 ,17 ,18 ,18 ,18 ,18 ,19 ,19 ,19 ,19
2 ,1 ,1 ,1 ,1 ,1 ,1 ,1 ,1 ,1 ,1 ,1 ,1 ,2 ,2 ,2 ,2 ,2 ,3 ,3 ,3 ,3 ,3 ,4 ,4 ,4 ,4 ,4 ,5 ,5 ,5 ,5 ,5 ,6 ,6 ,6 ,6 ,6 ,7 ,7 ,7 ,7 ,7 ,8 ,8 ,8 ,8 ,8 ,9 ,9 ,9 ,9 ,9 ,10 ,10 ,10 ,10 ,10 ,11 ,11 ,11 ,11 ,11 ,12 ,12 ,12 ,12 ,12 ,13 ,13 ,13 ,13 ,13 ,14 ,14 ,14 ,14 ,14 ,15 ,15 ,15 ,15 ,15 ,16 ,16 ,16 ,16 ,16 ,17 ,17 ,17 ,17 ,17 ,18 ,18 ,18 ,18 ,19 ,19 ,19
2 ,2 ,1 ,1 ,1 ,1 ,1 ,1 ,1 ,1 ,1 ,1 ,1 ,1 ,2 ,2 ,2 ,2 ,2 ,3 ,3 ,3 ,3 ,3 ,4 ,4 ,4 ,4 ,4 ,5 ,5 ,5 ,5 ,5 ,6 ,6 ,6 ,6 ,6 ,7 ,7 ,7 ,7 ,7 ,8 ,8 ,8 ,8 ,8 ,9 ,9 ,9 ,9 ,9 ,10 ,10 ,10 ,10 ,10 ,11 ,11 ,11 ,11 ,11 ,12 ,12 ,12 ,12 ,12 ,13 ,13 ,13 ,13 ,13 ,14 ,14 ,14 ,14 ,14 ,15 ,15 ,15 ,15 ,15 ,16 ,16 ,16 ,16 ,16 ,17 ,17 ,17 ,17 ,18 ,18 ,18 ,18 ,19 ,19 ,19
2 ,2 ,2 ,1 ,1 ,1 ,1 ,1 ,1 ,1 ,1 ,1 ,1 ,1 ,1 ,2 ,2 ,2 ,2 ,2 ,3 ,3 ,3 ,3 ,3 ,4 ,4 ,4 ,4 ,4 ,5 ,5 ,5 ,5 ,5 ,6 ,6 ,6 ,6 ,6 ,7 ,7 ,7 ,7 ,7 ,8 ,8 ,8 ,8 ,8 ,9 ,9 ,9 ,9 ,9 ,10 ,10 ,10 ,10 ,10 ,11 ,11 ,11 ,11 ,11 ,12 ,12 ,12 ,12 ,12 ,13 ,13 ,13 ,13 ,13 ,14 ,14 ,14 ,14 ,14 ,15 ,15 ,15 ,15 ,15 ,16 ,16 ,16 ,16 ,16 ,17 ,17 ,17 ,17 ,18 ,18 ,18 ,18 ,19 ,19
2 ,2 ,2 ,2 ,1 ,1 ,1 ,1 ,1 ,1 ,1 ,1 ,1 ,1 ,1 ,1 ,2 ,2 ,2 ,2 ,2 ,3 ,3 ,3 ,3 ,3 ,4 ,4 ,4 ,4 ,4 ,5 ,5 ,5 ,5 ,5 ,6 ,6 ,6 ,6 ,6 ,7 ,7 ,7 ,7 ,7 ,8 ,8 ,8 ,8 ,8 ,9 ,9 ,9 ,9 ,9 ,10 ,10 ,10 ,10 ,10 ,11 ,11 ,11 ,11 ,11 ,12 ,12 ,12 ,12 ,12 ,13 ,13 ,13 ,13 ,13 ,14 ,14 ,14 ,14 ,14 ,15 ,15 ,15 ,15 ,15 ,16 ,16 ,16 ,16 ,16 ,17 ,17 ,17 ,17 ,18 ,18 ,18 ,18 ,19
2 ,2 ,2 ,2 ,2 ,1 ,1 ,1 ,1 ,1 ,1 ,1 ,1 ,1 ,1 ,1 ,1 ,2 ,2 ,2 ,2 ,2 ,3 ,3 ,3 ,3 ,3 ,4 ,4 ,4 ,4 ,4 ,5 ,5 ,5 ,5 ,5 ,6 ,6 ,6 ,6 ,6 ,7 ,7 ,7 ,7 ,7 ,8 ,8 ,8 ,8 ,8 ,9 ,9 ,9 ,9 ,9 ,10 ,10 ,10 ,10 ,10 ,11 ,11 ,11 ,11 ,11 ,12 ,12 ,12 ,12 ,12 ,13 ,13 ,13 ,13 ,13 ,14 ,14 ,14 ,14 ,14 ,15 ,15 ,15 ,15 ,15 ,16 ,16 ,16 ,16 ,16 ,17 ,17 ,17 ,17 ,18 ,18 ,18 ,18
2 ,2 ,2 ,2 ,2 ,2 ,1 ,1 ,1 ,1 ,1 ,1 ,1 ,1 ,1 ,1 ,1 ,1 ,2 ,2 ,2 ,2 ,2 ,3 ,3 ,3 ,3 ,3 ,4 ,4 ,4 ,4 ,4 ,5 ,5 ,5 ,5 ,5 ,6 ,6 ,6 ,6 ,6 ,7 ,7 ,7 ,7 ,7 ,8 ,8 ,8 ,8 ,8 ,9 ,9 ,9 ,9 ,9 ,10 ,10 ,10 ,10 ,10 ,11 ,11 ,11 ,11 ,11 ,12 ,12 ,12 ,12 ,12 ,13 ,13 ,13 ,13 ,13 ,14 ,14 ,14 ,14 ,14 ,15 ,15 ,15 ,15 ,15 ,16 ,16 ,16 ,16 ,16 ,17 ,17 ,17 ,17 ,18 ,18 ,18
3 ,2 ,2 ,2 ,2 ,2 ,2 ,1 ,1 ,1 ,1 ,1 ,1 ,1 ,1 ,1 ,1 ,1 ,1 ,2 ,2 ,2 ,2 ,2 ,3 ,3 ,3 ,3 ,3 ,4 ,4 ,4 ,4 ,4 ,5 ,5 ,5 ,5 ,5 ,6 ,6 ,6 ,6 ,6 ,7 ,7 ,7 ,7 ,7 ,8 ,8 ,8 ,8 ,8 ,9 ,9 ,9 ,9 ,9 ,10 ,10 ,10 ,10 ,10 ,11 ,11 ,11 ,11 ,11 ,12 ,12 ,12 ,12 ,12 ,13 ,13 ,13 ,13 ,13 ,14 ,14 ,14 ,14 ,14 ,15 ,15 ,15 ,15 ,15 ,16 ,16 ,16 ,16 ,17 ,17 ,17 ,17 ,18 ,18 ,18
3 ,3 ,2 ,2 ,2 ,2 ,2 ,2 ,1 ,1 ,1 ,1 ,1 ,1 ,1 ,1 ,1 ,1 ,1 ,1 ,2 ,2 ,2 ,2 ,2 ,3 ,3 ,3 ,3 ,3 ,4 ,4 ,4 ,4 ,4 ,5 ,5 ,5 ,5 ,5 ,6 ,6 ,6 ,6 ,6 ,7 ,7 ,7 ,7 ,7 ,8 ,8 ,8 ,8 ,8 ,9 ,9 ,9 ,9 ,9 ,10 ,10 ,10 ,10 ,10 ,11 ,11 ,11 ,11 ,11 ,12 ,12 ,12 ,12 ,12 ,13 ,13 ,13 ,13 ,13 ,14 ,14 ,14 ,14 ,14 ,15 ,15 ,15 ,15 ,15 ,16 ,16 ,16 ,16 ,17 ,17 ,17 ,17 ,18 ,18
3 ,3 ,3 ,2 ,2 ,2 ,2 ,2 ,2 ,1 ,1 ,1 ,1 ,1 ,1 ,1 ,1 ,1 ,1 ,1 ,1 ,2 ,2 ,2 ,2 ,2 ,3 ,3 ,3 ,3 ,3 ,4 ,4 ,4 ,4 ,4 ,5 ,5 ,5 ,5 ,5 ,6 ,6 ,6 ,6 ,6 ,7 ,7 ,7 ,7 ,7 ,8 ,8 ,8 ,8 ,8 ,9 ,9 ,9 ,9 ,9 ,10 ,10 ,10 ,10 ,10 ,11 ,11 ,11 ,11 ,11 ,12 ,12 ,12 ,12 ,12 ,13 ,13 ,13 ,13 ,13 ,14 ,14 ,14 ,14 ,14 ,15 ,15 ,15 ,15 ,15 ,16 ,16 ,16 ,16 ,17 ,17 ,17 ,17 ,18
3 ,3 ,3 ,3 ,2 ,2 ,2 ,2 ,2 ,2 ,1 ,1 ,1 ,1 ,1 ,1 ,1 ,1 ,1 ,1 ,1 ,1 ,2 ,2 ,2 ,2 ,2 ,3 ,3 ,3 ,3 ,3 ,4 ,4 ,4 ,4 ,4 ,5 ,5 ,5 ,5 ,5 ,6 ,6 ,6 ,6 ,6 ,7 ,7 ,7 ,7 ,7 ,8 ,8 ,8 ,8 ,8 ,9 ,9 ,9 ,9 ,9 ,10 ,10 ,10 ,10 ,10 ,11 ,11 ,11 ,11 ,11 ,12 ,12 ,12 ,12 ,12 ,13 ,13 ,13 ,13 ,13 ,14 ,14 ,14 ,14 ,14 ,15 ,15 ,15 ,15 ,15 ,16 ,16 ,16 ,16 ,17 ,17 ,17 ,17
3 ,3 ,3 ,3 ,3 ,2 ,2 ,2 ,2 ,2 ,2 ,1 ,1 ,1 ,1 ,1 ,1 ,1 ,1 ,1 ,1 ,1 ,1 ,2 ,2 ,2 ,2 ,2 ,3 ,3 ,3 ,3 ,3 ,4 ,4 ,4 ,4 ,4 ,5 ,5 ,5 ,5 ,5 ,6 ,6 ,6 ,6 ,6 ,7 ,7 ,7 ,7 ,7 ,8 ,8 ,8 ,8 ,8 ,9 ,9 ,9 ,9 ,9 ,10 ,10 ,10 ,10 ,10 ,11 ,11 ,11 ,11 ,11 ,12 ,12 ,12 ,12 ,12 ,13 ,13 ,13 ,13 ,13 ,14 ,14 ,14 ,14 ,14 ,15 ,15 ,15 ,15 ,15 ,16 ,16 ,16 ,16 ,17 ,17 ,17
3 ,3 ,3 ,3 ,3 ,3 ,2 ,2 ,2 ,2 ,2 ,2 ,1 ,1 ,1 ,1 ,1 ,1 ,1 ,1 ,1 ,1 ,1 ,1 ,2 ,2 ,2 ,2 ,2 ,3 ,3 ,3 ,3 ,3 ,4 ,4 ,4 ,4 ,4 ,5 ,5 ,5 ,5 ,5 ,6 ,6 ,6 ,6 ,6 ,7 ,7 ,7 ,7 ,7 ,8 ,8 ,8 ,8 ,8 ,9 ,9 ,9 ,9 ,9 ,10 ,10 ,10 ,10 ,10 ,11 ,11 ,11 ,11 ,11 ,12 ,12 ,12 ,12 ,12 ,13 ,13 ,13 ,13 ,13 ,14 ,14 ,14 ,14 ,14 ,15 ,15 ,15 ,15 ,16 ,16 ,16 ,16 ,17 ,17 ,17
4 ,3 ,3 ,3 ,3 ,3 ,3 ,2 ,2 ,2 ,2 ,2 ,2 ,1 ,1 ,1 ,1 ,1 ,1 ,1 ,1 ,1 ,1 ,1 ,1 ,2 ,2 ,2 ,2 ,2 ,3 ,3 ,3 ,3 ,3 ,4 ,4 ,4 ,4 ,4 ,5 ,5 ,5 ,5 ,5 ,6 ,6 ,6 ,6 ,6 ,7 ,7 ,7 ,7 ,7 ,8 ,8 ,8 ,8 ,8 ,9 ,9 ,9 ,9 ,9 ,10 ,10 ,10 ,10 ,10 ,11 ,11 ,11 ,11 ,11 ,12 ,12 ,12 ,12 ,12 ,13 ,13 ,13 ,13 ,13 ,14 ,14 ,14 ,14 ,14 ,15 ,15 ,15 ,15 ,16 ,16 ,16 ,16 ,17 ,17
4 ,4 ,3 ,3 ,3 ,3 ,3 ,3 ,2 ,2 ,2 ,2 ,2 ,2 ,1 ,1 ,1 ,1 ,1 ,1 ,1 ,1 ,1 ,1 ,1 ,1 ,2 ,2 ,2 ,2 ,2 ,3 ,3 ,3 ,3 ,3 ,4 ,4 ,4 ,4 ,4 ,5 ,5 ,5 ,5 ,5 ,6 ,6 ,6 ,6 ,6 ,7 ,7 ,7 ,7 ,7 ,8 ,8 ,8 ,8 ,8 ,9 ,9 ,9 ,9 ,9 ,10 ,10 ,10 ,10 ,10 ,11 ,11 ,11 ,11 ,11 ,12 ,12 ,12 ,12 ,12 ,13 ,13 ,13 ,13 ,13 ,14 ,14 ,14 ,14 ,14 ,15 ,15 ,15 ,15 ,16 ,16 ,16 ,16 ,17
4 ,4 ,4 ,3 ,3 ,3 ,3 ,3 ,3 ,2 ,2 ,2 ,2 ,2 ,2 ,1 ,1 ,1 ,1 ,1 ,1 ,1 ,1 ,1 ,1 ,1 ,1 ,2 ,2 ,2 ,2 ,2 ,3 ,3 ,3 ,3 ,3 ,4 ,4 ,4 ,4 ,4 ,5 ,5 ,5 ,5 ,5 ,6 ,6 ,6 ,6 ,6 ,7 ,7 ,7 ,7 ,7 ,8 ,8 ,8 ,8 ,8 ,9 ,9 ,9 ,9 ,9 ,10 ,10 ,10 ,10 ,10 ,11 ,11 ,11 ,11 ,11 ,12 ,12 ,12 ,12 ,12 ,13 ,13 ,13 ,13 ,13 ,14 ,14 ,14 ,14 ,14 ,15 ,15 ,15 ,15 ,16 ,16 ,16 ,16
4 ,4 ,4 ,4 ,3 ,3 ,3 ,3 ,3 ,3 ,2 ,2 ,2 ,2 ,2 ,2 ,1 ,1 ,1 ,1 ,1 ,1 ,1 ,1 ,1 ,1 ,1 ,1 ,2 ,2 ,2 ,2 ,2 ,3 ,3 ,3 ,3 ,3 ,4 ,4 ,4 ,4 ,4 ,5 ,5 ,5 ,5 ,5 ,6 ,6 ,6 ,6 ,6 ,7 ,7 ,7 ,7 ,7 ,8 ,8 ,8 ,8 ,8 ,9 ,9 ,9 ,9 ,9 ,10 ,10 ,10 ,10 ,10 ,11 ,11 ,11 ,11 ,11 ,12 ,12 ,12 ,12 ,12 ,13 ,13 ,13 ,13 ,13 ,14 ,14 ,14 ,14 ,14 ,15 ,15 ,15 ,15 ,16 ,16 ,16
4 ,4 ,4 ,4 ,4 ,3 ,3 ,3 ,3 ,3 ,3 ,2 ,2 ,2 ,2 ,2 ,2 ,1 ,1 ,1 ,1 ,1 ,1 ,1 ,1 ,1 ,1 ,1 ,1 ,2 ,2 ,2 ,2 ,2 ,3 ,3 ,3 ,3 ,3 ,4 ,4 ,4 ,4 ,4 ,5 ,5 ,5 ,5 ,5 ,6 ,6 ,6 ,6 ,6 ,7 ,7 ,7 ,7 ,7 ,8 ,8 ,8 ,8 ,8 ,9 ,9 ,9 ,9 ,9 ,10 ,10 ,10 ,10 ,10 ,11 ,11 ,11 ,11 ,11 ,12 ,12 ,12 ,12 ,12 ,13 ,13 ,13 ,13 ,13 ,14 ,14 ,14 ,14 ,15 ,15 ,15 ,15 ,16 ,16 ,16
4 ,4 ,4 ,4 ,4 ,4 ,3 ,3 ,3 ,3 ,3 ,3 ,2 ,2 ,2 ,2 ,2 ,2 ,1 ,1 ,1 ,1 ,1 ,1 ,1 ,1 ,1 ,1 ,1 ,1 ,2 ,2 ,2 ,2 ,2 ,3 ,3 ,3 ,3 ,3 ,4 ,4 ,4 ,4 ,4 ,5 ,5 ,5 ,5 ,5 ,6 ,6 ,6 ,6 ,6 ,7 ,7 ,7 ,7 ,7 ,8 ,8 ,8 ,8 ,8 ,9 ,9 ,9 ,9 ,9 ,10 ,10 ,10 ,10 ,10 ,11 ,11 ,11 ,11 ,11 ,12 ,12 ,12 ,12 ,12 ,13 ,13 ,13 ,13 ,13 ,14 ,14 ,14 ,14 ,15 ,15 ,15 ,15 ,16 ,16
5 ,4 ,4 ,4 ,4 ,4 ,4 ,3 ,3 ,3 ,3 ,3 ,3 ,2 ,2 ,2 ,2 ,2 ,2 ,1 ,1 ,1 ,1 ,1 ,1 ,1 ,1 ,1 ,1 ,1 ,1 ,2 ,2 ,2 ,2 ,2 ,3 ,3 ,3 ,3 ,3 ,4 ,4 ,4 ,4 ,4 ,5 ,5 ,5 ,5 ,5 ,6 ,6 ,6 ,6 ,6 ,7 ,7 ,7 ,7 ,7 ,8 ,8 ,8 ,8 ,8 ,9 ,9 ,9 ,9 ,9 ,10 ,10 ,10 ,10 ,10 ,11 ,11 ,11 ,11 ,11 ,12 ,12 ,12 ,12 ,12 ,13 ,13 ,13 ,13 ,13 ,14 ,14 ,14 ,14 ,15 ,15 ,15 ,15 ,16
5 ,5 ,4 ,4 ,4 ,4 ,4 ,4 ,3 ,3 ,3 ,3 ,3 ,3 ,2 ,2 ,2 ,2 ,2 ,2 ,1 ,1 ,1 ,1 ,1 ,1 ,1 ,1 ,1 ,1 ,1 ,1 ,2 ,2 ,2 ,2 ,2 ,3 ,3 ,3 ,3 ,3 ,4 ,4 ,4 ,4 ,4 ,5 ,5 ,5 ,5 ,5 ,6 ,6 ,6 ,6 ,6 ,7 ,7 ,7 ,7 ,7 ,8 ,8 ,8 ,8 ,8 ,9 ,9 ,9 ,9 ,9 ,10 ,10 ,10 ,10 ,10 ,11 ,11 ,11 ,11 ,11 ,12 ,12 ,12 ,12 ,12 ,13 ,13 ,13 ,13 ,13 ,14 ,14 ,14 ,14 ,15 ,15 ,15 ,15
5 ,5 ,5 ,4 ,4 ,4 ,4 ,4 ,4 ,3 ,3 ,3 ,3 ,3 ,3 ,2 ,2 ,2 ,2 ,2 ,2 ,1 ,1 ,1 ,1 ,1 ,1 ,1 ,1 ,1 ,1 ,1 ,1 ,2 ,2 ,2 ,2 ,2 ,3 ,3 ,3 ,3 ,3 ,4 ,4 ,4 ,4 ,4 ,5 ,5 ,5 ,5 ,5 ,6 ,6 ,6 ,6 ,6 ,7 ,7 ,7 ,7 ,7 ,8 ,8 ,8 ,8 ,8 ,9 ,9 ,9 ,9 ,9 ,10 ,10 ,10 ,10 ,10 ,11 ,11 ,11 ,11 ,11 ,12 ,12 ,12 ,12 ,12 ,13 ,13 ,13 ,13 ,13 ,14 ,14 ,14 ,14 ,15 ,15 ,15
5 ,5 ,5 ,5 ,4 ,4 ,4 ,4 ,4 ,4 ,3 ,3 ,3 ,3 ,3 ,3 ,2 ,2 ,2 ,2 ,2 ,2 ,1 ,1 ,1 ,1 ,1 ,1 ,1 ,1 ,1 ,1 ,1 ,1 ,2 ,2 ,2 ,2 ,2 ,3 ,3 ,3 ,3 ,3 ,4 ,4 ,4 ,4 ,4 ,5 ,5 ,5 ,5 ,5 ,6 ,6 ,6 ,6 ,6 ,7 ,7 ,7 ,7 ,7 ,8 ,8 ,8 ,8 ,8 ,9 ,9 ,9 ,9 ,9 ,10 ,10 ,10 ,10 ,10 ,11 ,11 ,11 ,11 ,11 ,12 ,12 ,12 ,12 ,12 ,13 ,13 ,13 ,13 ,14 ,14 ,14 ,14 ,15 ,15 ,15
5 ,5 ,5 ,5 ,5 ,4 ,4 ,4 ,4 ,4 ,4 ,3 ,3 ,3 ,3 ,3 ,3 ,2 ,2 ,2 ,2 ,2 ,2 ,1 ,1 ,1 ,1 ,1 ,1 ,1 ,1 ,1 ,1 ,1 ,1 ,2 ,2 ,2 ,2 ,2 ,3 ,3 ,3 ,3 ,3 ,4 ,4 ,4 ,4 ,4 ,5 ,5 ,5 ,5 ,5 ,6 ,6 ,6 ,6 ,6 ,7 ,7 ,7 ,7 ,7 ,8 ,8 ,8 ,8 ,8 ,9 ,9 ,9 ,9 ,9 ,10 ,10 ,10 ,10 ,10 ,11 ,11 ,11 ,11 ,11 ,12 ,12 ,12 ,12 ,12 ,13 ,13 ,13 ,13 ,14 ,14 ,14 ,14 ,15 ,15
5 ,5 ,5 ,5 ,5 ,5 ,4 ,4 ,4 ,4 ,4 ,4 ,3 ,3 ,3 ,3 ,3 ,3 ,2 ,2 ,2 ,2 ,2 ,2 ,1 ,1 ,1 ,1 ,1 ,1 ,1 ,1 ,1 ,1 ,1 ,1 ,2 ,2 ,2 ,2 ,2 ,3 ,3 ,3 ,3 ,3 ,4 ,4 ,4 ,4 ,4 ,5 ,5 ,5 ,5 ,5 ,6 ,6 ,6 ,6 ,6 ,7 ,7 ,7 ,7 ,7 ,8 ,8 ,8 ,8 ,8 ,9 ,9 ,9 ,9 ,9 ,10 ,10 ,10 ,10 ,10 ,11 ,11 ,11 ,11 ,11 ,12 ,12 ,12 ,12 ,12 ,13 ,13 ,13 ,13 ,14 ,14 ,14 ,14 ,15
6 ,5 ,5 ,5 ,5 ,5 ,5 ,4 ,4 ,4 ,4 ,4 ,4 ,3 ,3 ,3 ,3 ,3 ,3 ,2 ,2 ,2 ,2 ,2 ,2 ,1 ,1 ,1 ,1 ,1 ,1 ,1 ,1 ,1 ,1 ,1 ,1 ,2 ,2 ,2 ,2 ,2 ,3 ,3 ,3 ,3 ,3 ,4 ,4 ,4 ,4 ,4 ,5 ,5 ,5 ,5 ,5 ,6 ,6 ,6 ,6 ,6 ,7 ,7 ,7 ,7 ,7 ,8 ,8 ,8 ,8 ,8 ,9 ,9 ,9 ,9 ,9 ,10 ,10 ,10 ,10 ,10 ,11 ,11 ,11 ,11 ,11 ,12 ,12 ,12 ,12 ,12 ,13 ,13 ,13 ,13 ,14 ,14 ,14 ,14
6 ,6 ,5 ,5 ,5 ,5 ,5 ,5 ,4 ,4 ,4 ,4 ,4 ,4 ,3 ,3 ,3 ,3 ,3 ,3 ,2 ,2 ,2 ,2 ,2 ,2 ,1 ,1 ,1 ,1 ,1 ,1 ,1 ,1 ,1 ,1 ,1 ,1 ,2 ,2 ,2 ,2 ,2 ,3 ,3 ,3 ,3 ,3 ,4 ,4 ,4 ,4 ,4 ,5 ,5 ,5 ,5 ,5 ,6 ,6 ,6 ,6 ,6 ,7 ,7 ,7 ,7 ,7 ,8 ,8 ,8 ,8 ,8 ,9 ,9 ,9 ,9 ,9 ,10 ,10 ,10 ,10 ,10 ,11 ,11 ,11 ,11 ,11 ,12 ,12 ,12 ,12 ,12 ,13 ,13 ,13 ,13 ,14 ,14 ,14
6 ,6 ,6 ,5 ,5 ,5 ,5 ,5 ,5 ,4 ,4 ,4 ,4 ,4 ,4 ,3 ,3 ,3 ,3 ,3 ,3 ,2 ,2 ,2 ,2 ,2 ,2 ,1 ,1 ,1 ,1 ,1 ,1 ,1 ,1 ,1 ,1 ,1 ,1 ,2 ,2 ,2 ,2 ,2 ,3 ,3 ,3 ,3 ,3 ,4 ,4 ,4 ,4 ,4 ,5 ,5 ,5 ,5 ,5 ,6 ,6 ,6 ,6 ,6 ,7 ,7 ,7 ,7 ,7 ,8 ,8 ,8 ,8 ,8 ,9 ,9 ,9 ,9 ,9 ,10 ,10 ,10 ,10 ,10 ,11 ,11 ,11 ,11 ,11 ,12 ,12 ,12 ,12 ,13 ,13 ,13 ,13 ,14 ,14 ,14
6 ,6 ,6 ,6 ,5 ,5 ,5 ,5 ,5 ,5 ,4 ,4 ,4 ,4 ,4 ,4 ,3 ,3 ,3 ,3 ,3 ,3 ,2 ,2 ,2 ,2 ,2 ,2 ,1 ,1 ,1 ,1 ,1 ,1 ,1 ,1 ,1 ,1 ,1 ,1 ,2 ,2 ,2 ,2 ,2 ,3 ,3 ,3 ,3 ,3 ,4 ,4 ,4 ,4 ,4 ,5 ,5 ,5 ,5 ,5 ,6 ,6 ,6 ,6 ,6 ,7 ,7 ,7 ,7 ,7 ,8 ,8 ,8 ,8 ,8 ,9 ,9 ,9 ,9 ,9 ,10 ,10 ,10 ,10 ,10 ,11 ,11 ,11 ,11 ,11 ,12 ,12 ,12 ,12 ,13 ,13 ,13 ,13 ,14 ,14
6 ,6 ,6 ,6 ,6 ,5 ,5 ,5 ,5 ,5 ,5 ,4 ,4 ,4 ,4 ,4 ,4 ,3 ,3 ,3 ,3 ,3 ,3 ,2 ,2 ,2 ,2 ,2 ,2 ,1 ,1 ,1 ,1 ,1 ,1 ,1 ,1 ,1 ,1 ,1 ,1 ,2 ,2 ,2 ,2 ,2 ,3 ,3 ,3 ,3 ,3 ,4 ,4 ,4 ,4 ,4 ,5 ,5 ,5 ,5 ,5 ,6 ,6 ,6 ,6 ,6 ,7 ,7 ,7 ,7 ,7 ,8 ,8 ,8 ,8 ,8 ,9 ,9 ,9 ,9 ,9 ,10 ,10 ,10 ,10 ,10 ,11 ,11 ,11 ,11 ,11 ,12 ,12 ,12 ,12 ,13 ,13 ,13 ,13 ,14
6 ,6 ,6 ,6 ,6 ,6 ,5 ,5 ,5 ,5 ,5 ,5 ,4 ,4 ,4 ,4 ,4 ,4 ,3 ,3 ,3 ,3 ,3 ,3 ,2 ,2 ,2 ,2 ,2 ,2 ,1 ,1 ,1 ,1 ,1 ,1 ,1 ,1 ,1 ,1 ,1 ,1 ,2 ,2 ,2 ,2 ,2 ,3 ,3 ,3 ,3 ,3 ,4 ,4 ,4 ,4 ,4 ,5 ,5 ,5 ,5 ,5 ,6 ,6 ,6 ,6 ,6 ,7 ,7 ,7 ,7 ,7 ,8 ,8 ,8 ,8 ,8 ,9 ,9 ,9 ,9 ,9 ,10 ,10 ,10 ,10 ,10 ,11 ,11 ,11 ,11 ,11 ,12 ,12 ,12 ,12 ,13 ,13 ,13 ,13
7 ,6 ,6 ,6 ,6 ,6 ,6 ,5 ,5 ,5 ,5 ,5 ,5 ,4 ,4 ,4 ,4 ,4 ,4 ,3 ,3 ,3 ,3 ,3 ,3 ,2 ,2 ,2 ,2 ,2 ,2 ,1 ,1 ,1 ,1 ,1 ,1 ,1 ,1 ,1 ,1 ,1 ,1 ,2 ,2 ,2 ,2 ,2 ,3 ,3 ,3 ,3 ,3 ,4 ,4 ,4 ,4 ,4 ,5 ,5 ,5 ,5 ,5 ,6 ,6 ,6 ,6 ,6 ,7 ,7 ,7 ,7 ,7 ,8 ,8 ,8 ,8 ,8 ,9 ,9 ,9 ,9 ,9 ,10 ,10 ,10 ,10 ,10 ,11 ,11 ,11 ,11 ,11 ,12 ,12 ,12 ,12 ,13 ,13 ,13
7 ,7 ,6 ,6 ,6 ,6 ,6 ,6 ,5 ,5 ,5 ,5 ,5 ,5 ,4 ,4 ,4 ,4 ,4 ,4 ,3 ,3 ,3 ,3 ,3 ,3 ,2 ,2 ,2 ,2 ,2 ,2 ,1 ,1 ,1 ,1 ,1 ,1 ,1 ,1 ,1 ,1 ,1 ,1 ,2 ,2 ,2 ,2 ,2 ,3 ,3 ,3 ,3 ,3 ,4 ,4 ,4 ,4 ,4 ,5 ,5 ,5 ,5 ,5 ,6 ,6 ,6 ,6 ,6 ,7 ,7 ,7 ,7 ,7 ,8 ,8 ,8 ,8 ,8 ,9 ,9 ,9 ,9 ,9 ,10 ,10 ,10 ,10 ,10 ,11 ,11 ,11 ,11 ,12 ,12 ,12 ,12 ,13 ,13 ,13
7 ,7 ,7 ,6 ,6 ,6 ,6 ,6 ,6 ,5 ,5 ,5 ,5 ,5 ,5 ,4 ,4 ,4 ,4 ,4 ,4 ,3 ,3 ,3 ,3 ,3 ,3 ,2 ,2 ,2 ,2 ,2 ,2 ,1 ,1 ,1 ,1 ,1 ,1 ,1 ,1 ,1 ,1 ,1 ,1 ,2 ,2 ,2 ,2 ,2 ,3 ,3 ,3 ,3 ,3 ,4 ,4 ,4 ,4 ,4 ,5 ,5 ,5 ,5 ,5 ,6 ,6 ,6 ,6 ,6 ,7 ,7 ,7 ,7 ,7 ,8 ,8 ,8 ,8 ,8 ,9 ,9 ,9 ,9 ,9 ,10 ,10 ,10 ,10 ,10 ,11 ,11 ,11 ,11 ,12 ,12 ,12 ,12 ,13 ,13
7 ,7 ,7 ,7 ,6 ,6 ,6 ,6 ,6 ,6 ,5 ,5 ,5 ,5 ,5 ,5 ,4 ,4 ,4 ,4 ,4 ,4 ,3 ,3 ,3 ,3 ,3 ,3 ,2 ,2 ,2 ,2 ,2 ,2 ,1 ,1 ,1 ,1 ,1 ,1 ,1 ,1 ,1 ,1 ,1 ,1 ,2 ,2 ,2 ,2 ,2 ,3 ,3 ,3 ,3 ,3 ,4 ,4 ,4 ,4 ,4 ,5 ,5 ,5 ,5 ,5 ,6 ,6 ,6 ,6 ,6 ,7 ,7 ,7 ,7 ,7 ,8 ,8 ,8 ,8 ,8 ,9 ,9 ,9 ,9 ,9 ,10 ,10 ,10 ,10 ,10 ,11 ,11 ,11 ,11 ,12 ,12 ,12 ,12 ,13
7 ,7 ,7 ,7 ,7 ,6 ,6 ,6 ,6 ,6 ,6 ,5 ,5 ,5 ,5 ,5 ,5 ,4 ,4 ,4 ,4 ,4 ,4 ,3 ,3 ,3 ,3 ,3 ,3 ,2 ,2 ,2 ,2 ,2 ,2 ,1 ,1 ,1 ,1 ,1 ,1 ,1 ,1 ,1 ,1 ,1 ,1 ,2 ,2 ,2 ,2 ,2 ,3 ,3 ,3 ,3 ,3 ,4 ,4 ,4 ,4 ,4 ,5 ,5 ,5 ,5 ,5 ,6 ,6 ,6 ,6 ,6 ,7 ,7 ,7 ,7 ,7 ,8 ,8 ,8 ,8 ,8 ,9 ,9 ,9 ,9 ,9 ,10 ,10 ,10 ,10 ,10 ,11 ,11 ,11 ,11 ,12 ,12 ,12 ,12
7 ,7 ,7 ,7 ,7 ,7 ,6 ,6 ,6 ,6 ,6 ,6 ,5 ,5 ,5 ,5 ,5 ,5 ,4 ,4 ,4 ,4 ,4 ,4 ,3 ,3 ,3 ,3 ,3 ,3 ,2 ,2 ,2 ,2 ,2 ,2 ,1 ,1 ,1 ,1 ,1 ,1 ,1 ,1 ,1 ,1 ,1 ,1 ,2 ,2 ,2 ,2 ,2 ,3 ,3 ,3 ,3 ,3 ,4 ,4 ,4 ,4 ,4 ,5 ,5 ,5 ,5 ,5 ,6 ,6 ,6 ,6 ,6 ,7 ,7 ,7 ,7 ,7 ,8 ,8 ,8 ,8 ,8 ,9 ,9 ,9 ,9 ,9 ,10 ,10 ,10 ,10 ,10 ,11 ,11 ,11 ,11 ,12 ,12 ,12
8 ,7 ,7 ,7 ,7 ,7 ,7 ,6 ,6 ,6 ,6 ,6 ,6 ,5 ,5 ,5 ,5 ,5 ,5 ,4 ,4 ,4 ,4 ,4 ,4 ,3 ,3 ,3 ,3 ,3 ,3 ,2 ,2 ,2 ,2 ,2 ,2 ,1 ,1 ,1 ,1 ,1 ,1 ,1 ,1 ,1 ,1 ,1 ,1 ,2 ,2 ,2 ,2 ,2 ,3 ,3 ,3 ,3 ,3 ,4 ,4 ,4 ,4 ,4 ,5 ,5 ,5 ,5 ,5 ,6 ,6 ,6 ,6 ,6 ,7 ,7 ,7 ,7 ,7 ,8 ,8 ,8 ,8 ,8 ,9 ,9 ,9 ,9 ,9 ,10 ,10 ,10 ,10 ,11 ,11 ,11 ,11 ,12 ,12 ,12
8 ,8 ,7 ,7 ,7 ,7 ,7 ,7 ,6 ,6 ,6 ,6 ,6 ,6 ,5 ,5 ,5 ,5 ,5 ,5 ,4 ,4 ,4 ,4 ,4 ,4 ,3 ,3 ,3 ,3 ,3 ,3 ,2 ,2 ,2 ,2 ,2 ,2 ,1 ,1 ,1 ,1 ,1 ,1 ,1 ,1 ,1 ,1 ,1 ,1 ,2 ,2 ,2 ,2 ,2 ,3 ,3 ,3 ,3 ,3 ,4 ,4 ,4 ,4 ,4 ,5 ,5 ,5 ,5 ,5 ,6 ,6 ,6 ,6 ,6 ,7 ,7 ,7 ,7 ,7 ,8 ,8 ,8 ,8 ,8 ,9 ,9 ,9 ,9 ,9 ,10 ,10 ,10 ,10 ,11 ,11 ,11 ,11 ,12 ,12
7 ,7 ,7 ,7 ,7 ,6 ,7 ,7 ,7 ,6 ,6 ,6 ,6 ,6 ,6 ,5 ,5 ,5 ,5 ,5 ,5 ,4 ,4 ,4 ,4 ,4 ,4 ,3 ,3 ,3 ,3 ,3 ,3 ,2 ,2 ,2 ,2 ,2 ,2 ,1 ,1 ,1 ,1 ,1 ,1 ,1 ,1 ,1 ,1 ,1 ,1 ,2 ,2 ,2 ,2 ,2 ,3 ,3 ,3 ,3 ,3 ,4 ,4 ,4 ,4 ,4 ,5 ,5 ,5 ,5 ,5 ,6 ,6 ,6 ,6 ,6 ,7 ,7 ,7 ,7 ,7 ,8 ,8 ,8 ,8 ,8 ,9 ,9 ,9 ,9 ,9 ,10 ,10 ,10 ,10 ,11 ,11 ,11 ,11 ,12
7 ,7 ,7 ,7 ,7 ,6 ,6 ,7 ,7 ,7 ,6 ,6 ,6 ,6 ,6 ,6 ,5 ,5 ,5 ,5 ,5 ,5 ,4 ,4 ,4 ,4 ,4 ,4 ,3 ,3 ,3 ,3 ,3 ,3 ,2 ,2 ,2 ,2 ,2 ,2 ,1 ,1 ,1 ,1 ,1 ,1 ,1 ,1 ,1 ,1 ,1 ,1 ,2 ,2 ,2 ,2 ,2 ,3 ,3 ,3 ,3 ,3 ,4 ,4 ,4 ,4 ,4 ,5 ,5 ,5 ,5 ,5 ,6 ,6 ,6 ,6 ,6 ,7 ,7 ,7 ,7 ,7 ,8 ,8 ,8 ,8 ,8 ,9 ,9 ,9 ,9 ,9 ,10 ,10 ,10 ,10 ,11 ,11 ,11 ,11
7 ,7 ,7 ,7 ,7 ,6 ,6 ,6 ,7 ,7 ,7 ,6 ,6 ,6 ,6 ,6 ,6 ,5 ,5 ,5 ,5 ,5 ,5 ,4 ,4 ,4 ,4 ,4 ,4 ,3 ,3 ,3 ,3 ,3 ,3 ,2 ,2 ,2 ,2 ,2 ,2 ,1 ,1 ,1 ,1 ,1 ,1 ,1 ,1 ,1 ,1 ,1 ,1 ,2 ,2 ,2 ,2 ,2 ,3 ,3 ,3 ,3 ,3 ,4 ,4 ,4 ,4 ,4 ,5 ,5 ,5 ,5 ,5 ,6 ,6 ,6 ,6 ,6 ,7 ,7 ,7 ,7 ,7 ,8 ,8 ,8 ,8 ,8 ,9 ,9 ,9 ,9 ,9 ,10 ,10 ,10 ,10 ,11 ,11 ,11
7 ,7 ,7 ,7 ,7 ,6 ,6 ,6 ,6 ,7 ,7 ,7 ,6 ,6 ,6 ,6 ,6 ,6 ,5 ,5 ,5 ,5 ,5 ,5 ,4 ,4 ,4 ,4 ,4 ,4 ,3 ,3 ,3 ,3 ,3 ,3 ,2 ,2 ,2 ,2 ,2 ,2 ,1 ,1 ,1 ,1 ,1 ,1 ,1 ,1 ,1 ,1 ,1 ,1 ,2 ,2 ,2 ,2 ,2 ,3 ,3 ,3 ,3 ,3 ,4 ,4 ,4 ,4 ,4 ,5 ,5 ,5 ,5 ,5 ,6 ,6 ,6 ,6 ,6 ,7 ,7 ,7 ,7 ,7 ,8 ,8 ,8 ,8 ,8 ,9 ,9 ,9 ,9 ,10 ,10 ,10 ,10 ,11 ,11 ,11
7 ,7 ,7 ,7 ,7 ,6 ,6 ,6 ,6 ,6 ,7 ,7 ,7 ,6 ,6 ,6 ,6 ,6 ,6 ,5 ,5 ,5 ,5 ,5 ,5 ,4 ,4 ,4 ,4 ,4 ,4 ,3 ,3 ,3 ,3 ,3 ,3 ,2 ,2 ,2 ,2 ,2 ,2 ,1 ,1 ,1 ,1 ,1 ,1 ,1 ,1 ,1 ,1 ,1 ,1 ,2 ,2 ,2 ,2 ,2 ,3 ,3 ,3 ,3 ,3 ,4 ,4 ,4 ,4 ,4 ,5 ,5 ,5 ,5 ,5 ,6 ,6 ,6 ,6 ,6 ,7 ,7 ,7 ,7 ,7 ,8 ,8 ,8 ,8 ,8 ,9 ,9 ,9 ,9 ,10 ,10 ,10 ,10 ,11 ,11
6 ,6 ,6 ,6 ,6 ,5 ,6 ,6 ,6 ,6 ,6 ,6 ,7 ,7 ,6 ,6 ,6 ,6 ,6 ,6 ,5 ,5 ,5 ,5 ,5 ,5 ,4 ,4 ,4 ,4 ,4 ,4 ,3 ,3 ,3 ,3 ,3 ,3 ,2 ,2 ,2 ,2 ,2 ,2 ,1 ,1 ,1 ,1 ,1 ,1 ,1 ,1 ,1 ,1 ,1 ,1 ,2 ,2 ,2 ,2 ,2 ,3 ,3 ,3 ,3 ,3 ,4 ,4 ,4 ,4 ,4 ,5 ,5 ,5 ,5 ,5 ,6 ,6 ,6 ,6 ,6 ,7 ,7 ,7 ,7 ,7 ,8 ,8 ,8 ,8 ,8 ,9 ,9 ,9 ,9 ,10 ,10 ,10 ,10 ,11
6 ,6 ,6 ,6 ,6 ,5 ,5 ,6 ,6 ,6 ,6 ,6 ,7 ,7 ,7 ,6 ,6 ,6 ,6 ,6 ,6 ,5 ,5 ,5 ,5 ,5 ,5 ,4 ,4 ,4 ,4 ,4 ,4 ,3 ,3 ,3 ,3 ,3 ,3 ,2 ,2 ,2 ,2 ,2 ,2 ,1 ,1 ,1 ,1 ,1 ,1 ,1 ,1 ,1 ,1 ,1 ,1 ,2 ,2 ,2 ,2 ,2 ,3 ,3 ,3 ,3 ,3 ,4 ,4 ,4 ,4 ,4 ,5 ,5 ,5 ,5 ,5 ,6 ,6 ,6 ,6 ,6 ,7 ,7 ,7 ,7 ,7 ,8 ,8 ,8 ,8 ,8 ,9 ,9 ,9 ,9 ,10 ,10 ,10 ,10
6 ,6 ,6 ,6 ,6 ,5 ,5 ,5 ,6 ,6 ,6 ,6 ,6 ,7 ,7 ,7 ,6 ,6 ,6 ,6 ,6 ,6 ,5 ,5 ,5 ,5 ,5 ,5 ,4 ,4 ,4 ,4 ,4 ,4 ,3 ,3 ,3 ,3 ,3 ,3 ,2 ,2 ,2 ,2 ,2 ,2 ,1 ,1 ,1 ,1 ,1 ,1 ,1 ,1 ,1 ,1 ,1 ,1 ,2 ,2 ,2 ,2 ,2 ,3 ,3 ,3 ,3 ,3 ,4 ,4 ,4 ,4 ,4 ,5 ,5 ,5 ,5 ,5 ,6 ,6 ,6 ,6 ,6 ,7 ,7 ,7 ,7 ,7 ,8 ,8 ,8 ,8 ,8 ,9 ,9 ,9 ,9 ,10 ,10 ,10
6 ,6 ,6 ,6 ,6 ,5 ,5 ,5 ,5 ,6 ,6 ,6 ,6 ,6 ,7 ,7 ,7 ,6 ,6 ,6 ,6 ,6 ,6 ,5 ,5 ,5 ,5 ,5 ,5 ,4 ,4 ,4 ,4 ,4 ,4 ,3 ,3 ,3 ,3 ,3 ,3 ,2 ,2 ,2 ,2 ,2 ,2 ,1 ,1 ,1 ,1 ,1 ,1 ,1 ,1 ,1 ,1 ,1 ,1 ,2 ,2 ,2 ,2 ,2 ,3 ,3 ,3 ,3 ,3 ,4 ,4 ,4 ,4 ,4 ,5 ,5 ,5 ,5 ,5 ,6 ,6 ,6 ,6 ,6 ,7 ,7 ,7 ,7 ,7 ,8 ,8 ,8 ,8 ,9 ,9 ,9 ,9 ,10 ,10 ,10
6 ,6 ,6 ,6 ,6 ,5 ,5 ,5 ,5 ,5 ,6 ,6 ,6 ,6 ,6 ,7 ,7 ,7 ,6 ,6 ,6 ,6 ,6 ,6 ,5 ,5 ,5 ,5 ,5 ,5 ,4 ,4 ,4 ,4 ,4 ,4 ,3 ,3 ,3 ,3 ,3 ,3 ,2 ,2 ,2 ,2 ,2 ,2 ,1 ,1 ,1 ,1 ,1 ,1 ,1 ,1 ,1 ,1 ,1 ,1 ,2 ,2 ,2 ,2 ,2 ,3 ,3 ,3 ,3 ,3 ,4 ,4 ,4 ,4 ,4 ,5 ,5 ,5 ,5 ,5 ,6 ,6 ,6 ,6 ,6 ,7 ,7 ,7 ,7 ,7 ,8 ,8 ,8 ,8 ,9 ,9 ,9 ,9 ,10 ,10
5 ,5 ,5 ,5 ,5 ,4 ,5 ,5 ,5 ,5 ,5 ,5 ,6 ,6 ,6 ,6 ,6 ,7 ,7 ,6 ,6 ,6 ,6 ,6 ,6 ,5 ,5 ,5 ,5 ,5 ,5 ,4 ,4 ,4 ,4 ,4 ,4 ,3 ,3 ,3 ,3 ,3 ,3 ,2 ,2 ,2 ,2 ,2 ,2 ,1 ,1 ,1 ,1 ,1 ,1 ,1 ,1 ,1 ,1 ,1 ,1 ,2 ,2 ,2 ,2 ,2 ,3 ,3 ,3 ,3 ,3 ,4 ,4 ,4 ,4 ,4 ,5 ,5 ,5 ,5 ,5 ,6 ,6 ,6 ,6 ,6 ,7 ,7 ,7 ,7 ,7 ,8 ,8 ,8 ,8 ,9 ,9 ,9 ,9 ,10
5 ,5 ,5 ,5 ,5 ,4 ,4 ,5 ,5 ,5 ,5 ,5 ,6 ,6 ,6 ,6 ,6 ,7 ,7 ,7 ,6 ,6 ,6 ,6 ,6 ,6 ,5 ,5 ,5 ,5 ,5 ,5 ,4 ,4 ,4 ,4 ,4 ,4 ,3 ,3 ,3 ,3 ,3 ,3 ,2 ,2 ,2 ,2 ,2 ,2 ,1 ,1 ,1 ,1 ,1 ,1 ,1 ,1 ,1 ,1 ,1 ,1 ,2 ,2 ,2 ,2 ,2 ,3 ,3 ,3 ,3 ,3 ,4 ,4 ,4 ,4 ,4 ,5 ,5 ,5 ,5 ,5 ,6 ,6 ,6 ,6 ,6 ,7 ,7 ,7 ,7 ,7 ,8 ,8 ,8 ,8 ,9 ,9 ,9 ,9
5 ,5 ,5 ,5 ,5 ,4 ,4 ,4 ,5 ,5 ,5 ,5 ,5 ,6 ,6 ,6 ,6 ,6 ,7 ,7 ,7 ,6 ,6 ,6 ,6 ,6 ,6 ,5 ,5 ,5 ,5 ,5 ,5 ,4 ,4 ,4 ,4 ,4 ,4 ,3 ,3 ,3 ,3 ,3 ,3 ,2 ,2 ,2 ,2 ,2 ,2 ,1 ,1 ,1 ,1 ,1 ,1 ,1 ,1 ,1 ,1 ,1 ,1 ,2 ,2 ,2 ,2 ,2 ,3 ,3 ,3 ,3 ,3 ,4 ,4 ,4 ,4 ,4 ,5 ,5 ,5 ,5 ,5 ,6 ,6 ,6 ,6 ,6 ,7 ,7 ,7 ,7 ,7 ,8 ,8 ,8 ,8 ,9 ,9 ,9
5 ,5 ,5 ,5 ,5 ,4 ,4 ,4 ,4 ,5 ,5 ,5 ,5 ,5 ,6 ,6 ,6 ,6 ,6 ,7 ,7 ,7 ,6 ,6 ,6 ,6 ,6 ,6 ,5 ,5 ,5 ,5 ,5 ,5 ,4 ,4 ,4 ,4 ,4 ,4 ,3 ,3 ,3 ,3 ,3 ,3 ,2 ,2 ,2 ,2 ,2 ,2 ,1 ,1 ,1 ,1 ,1 ,1 ,1 ,1 ,1 ,1 ,1 ,1 ,2 ,2 ,2 ,2 ,2 ,3 ,3 ,3 ,3 ,3 ,4 ,4 ,4 ,4 ,4 ,5 ,5 ,5 ,5 ,5 ,6 ,6 ,6 ,6 ,6 ,7 ,7 ,7 ,7 ,8 ,8 ,8 ,8 ,9 ,9 ,9
5 ,5 ,5 ,5 ,5 ,4 ,4 ,4 ,4 ,4 ,5 ,5 ,5 ,5 ,5 ,6 ,6 ,6 ,6 ,6 ,7 ,7 ,7 ,6 ,6 ,6 ,6 ,6 ,6 ,5 ,5 ,5 ,5 ,5 ,5 ,4 ,4 ,4 ,4 ,4 ,4 ,3 ,3 ,3 ,3 ,3 ,3 ,2 ,2 ,2 ,2 ,2 ,2 ,1 ,1 ,1 ,1 ,1 ,1 ,1 ,1 ,1 ,1 ,1 ,1 ,2 ,2 ,2 ,2 ,2 ,3 ,3 ,3 ,3 ,3 ,4 ,4 ,4 ,4 ,4 ,5 ,5 ,5 ,5 ,5 ,6 ,6 ,6 ,6 ,6 ,7 ,7 ,7 ,7 ,8 ,8 ,8 ,8 ,9 ,9
4 ,4 ,4 ,4 ,4 ,3 ,4 ,4 ,4 ,4 ,4 ,4 ,5 ,5 ,5 ,5 ,5 ,6 ,6 ,6 ,6 ,6 ,7 ,7 ,6 ,6 ,6 ,6 ,6 ,6 ,5 ,5 ,5 ,5 ,5 ,5 ,4 ,4 ,4 ,4 ,4 ,4 ,3 ,3 ,3 ,3 ,3 ,3 ,2 ,2 ,2 ,2 ,2 ,2 ,1 ,1 ,1 ,1 ,1 ,1 ,1 ,1 ,1 ,1 ,1 ,1 ,2 ,2 ,2 ,2 ,2 ,3 ,3 ,3 ,3 ,3 ,4 ,4 ,4 ,4 ,4 ,5 ,5 ,5 ,5 ,5 ,6 ,6 ,6 ,6 ,6 ,7 ,7 ,7 ,7 ,8 ,8 ,8 ,8 ,9
4 ,4 ,4 ,4 ,4 ,3 ,3 ,4 ,4 ,4 ,4 ,4 ,5 ,5 ,5 ,5 ,5 ,6 ,6 ,6 ,6 ,6 ,7 ,7 ,7 ,6 ,6 ,6 ,6 ,6 ,6 ,5 ,5 ,5 ,5 ,5 ,5 ,4 ,4 ,4 ,4 ,4 ,4 ,3 ,3 ,3 ,3 ,3 ,3 ,2 ,2 ,2 ,2 ,2 ,2 ,1 ,1 ,1 ,1 ,1 ,1 ,1 ,1 ,1 ,1 ,1 ,1 ,2 ,2 ,2 ,2 ,2 ,3 ,3 ,3 ,3 ,3 ,4 ,4 ,4 ,4 ,4 ,5 ,5 ,5 ,5 ,5 ,6 ,6 ,6 ,6 ,6 ,7 ,7 ,7 ,7 ,8 ,8 ,8 ,8
4 ,4 ,4 ,4 ,4 ,3 ,3 ,3 ,4 ,4 ,4 ,4 ,4 ,5 ,5 ,5 ,5 ,5 ,6 ,6 ,6 ,6 ,6 ,7 ,7 ,7 ,6 ,6 ,6 ,6 ,6 ,6 ,5 ,5 ,5 ,5 ,5 ,5 ,4 ,4 ,4 ,4 ,4 ,4 ,3 ,3 ,3 ,3 ,3 ,3 ,2 ,2 ,2 ,2 ,2 ,2 ,1 ,1 ,1 ,1 ,1 ,1 ,1 ,1 ,1 ,1 ,1 ,1 ,2 ,2 ,2 ,2 ,2 ,3 ,3 ,3 ,3 ,3 ,4 ,4 ,4 ,4 ,4 ,5 ,5 ,5 ,5 ,5 ,6 ,6 ,6 ,6 ,6 ,7 ,7 ,7 ,7 ,8 ,8 ,8
4 ,4 ,4 ,4 ,4 ,3 ,3 ,3 ,3 ,4 ,4 ,4 ,4 ,4 ,5 ,5 ,5 ,5 ,5 ,6 ,6 ,6 ,6 ,6 ,7 ,7 ,7 ,6 ,6 ,6 ,6 ,6 ,6 ,5 ,5 ,5 ,5 ,5 ,5 ,4 ,4 ,4 ,4 ,4 ,4 ,3 ,3 ,3 ,3 ,3 ,3 ,2 ,2 ,2 ,2 ,2 ,2 ,1 ,1 ,1 ,1 ,1 ,1 ,1 ,1 ,1 ,1 ,1 ,1 ,2 ,2 ,2 ,2 ,2 ,3 ,3 ,3 ,3 ,3 ,4 ,4 ,4 ,4 ,4 ,5 ,5 ,5 ,5 ,5 ,6 ,6 ,6 ,6 ,7 ,7 ,7 ,7 ,8 ,8 ,8
4 ,4 ,4 ,4 ,4 ,3 ,3 ,3 ,3 ,3 ,4 ,4 ,4 ,4 ,4 ,5 ,5 ,5 ,5 ,5 ,6 ,6 ,6 ,6 ,6 ,7 ,7 ,7 ,6 ,6 ,6 ,6 ,6 ,6 ,5 ,5 ,5 ,5 ,5 ,5 ,4 ,4 ,4 ,4 ,4 ,4 ,3 ,3 ,3 ,3 ,3 ,3 ,2 ,2 ,2 ,2 ,2 ,2 ,1 ,1 ,1 ,1 ,1 ,1 ,1 ,1 ,1 ,1 ,1 ,1 ,2 ,2 ,2 ,2 ,2 ,3 ,3 ,3 ,3 ,3 ,4 ,4 ,4 ,4 ,4 ,5 ,5 ,5 ,5 ,5 ,6 ,6 ,6 ,6 ,7 ,7 ,7 ,7 ,8 ,8
3 ,3 ,3 ,3 ,3 ,2 ,3 ,3 ,3 ,3 ,3 ,3 ,4 ,4 ,4 ,4 ,4 ,5 ,5 ,5 ,5 ,5 ,6 ,6 ,6 ,6 ,6 ,7 ,7 ,6 ,6 ,6 ,6 ,6 ,6 ,5 ,5 ,5 ,5 ,5 ,5 ,4 ,4 ,4 ,4 ,4 ,4 ,3 ,3 ,3 ,3 ,3 ,3 ,2 ,2 ,2 ,2 ,2 ,2 ,1 ,1 ,1 ,1 ,1 ,1 ,1 ,1 ,1 ,1 ,1 ,1 ,2 ,2 ,2 ,2 ,2 ,3 ,3 ,3 ,3 ,3 ,4 ,4 ,4 ,4 ,4 ,5 ,5 ,5 ,5 ,5 ,6 ,6 ,6 ,6 ,7 ,7 ,7 ,7 ,8
3 ,3 ,3 ,3 ,3 ,2 ,2 ,3 ,3 ,3 ,3 ,3 ,4 ,4 ,4 ,4 ,4 ,5 ,5 ,5 ,5 ,5 ,6 ,6 ,6 ,6 ,6 ,7 ,7 ,7 ,6 ,6 ,6 ,6 ,6 ,6 ,5 ,5 ,5 ,5 ,5 ,5 ,4 ,4 ,4 ,4 ,4 ,4 ,3 ,3 ,3 ,3 ,3 ,3 ,2 ,2 ,2 ,2 ,2 ,2 ,1 ,1 ,1 ,1 ,1 ,1 ,1 ,1 ,1 ,1 ,1 ,1 ,2 ,2 ,2 ,2 ,2 ,3 ,3 ,3 ,3 ,3 ,4 ,4 ,4 ,4 ,4 ,5 ,5 ,5 ,5 ,5 ,6 ,6 ,6 ,6 ,7 ,7 ,7 ,7
3 ,3 ,3 ,3 ,3 ,2 ,2 ,2 ,3 ,3 ,3 ,3 ,3 ,4 ,4 ,4 ,4 ,4 ,5 ,5 ,5 ,5 ,5 ,6 ,6 ,6 ,6 ,6 ,7 ,7 ,7 ,6 ,6 ,6 ,6 ,6 ,6 ,5 ,5 ,5 ,5 ,5 ,5 ,4 ,4 ,4 ,4 ,4 ,4 ,3 ,3 ,3 ,3 ,3 ,3 ,2 ,2 ,2 ,2 ,2 ,2 ,1 ,1 ,1 ,1 ,1 ,1 ,1 ,1 ,1 ,1 ,1 ,1 ,2 ,2 ,2 ,2 ,2 ,3 ,3 ,3 ,3 ,3 ,4 ,4 ,4 ,4 ,4 ,5 ,5 ,5 ,5 ,5 ,6 ,6 ,6 ,6 ,7 ,7 ,7
3 ,3 ,3 ,3 ,3 ,2 ,2 ,2 ,2 ,3 ,3 ,3 ,3 ,3 ,4 ,4 ,4 ,4 ,4 ,5 ,5 ,5 ,5 ,5 ,6 ,6 ,6 ,6 ,6 ,7 ,7 ,7 ,6 ,6 ,6 ,6 ,6 ,6 ,5 ,5 ,5 ,5 ,5 ,5 ,4 ,4 ,4 ,4 ,4 ,4 ,3 ,3 ,3 ,3 ,3 ,3 ,2 ,2 ,2 ,2 ,2 ,2 ,1 ,1 ,1 ,1 ,1 ,1 ,1 ,1 ,1 ,1 ,1 ,1 ,2 ,2 ,2 ,2 ,2 ,3 ,3 ,3 ,3 ,3 ,4 ,4 ,4 ,4 ,4 ,5 ,5 ,5 ,5 ,6 ,6 ,6 ,6 ,7 ,7 ,7
3 ,3 ,3 ,3 ,3 ,2 ,2 ,2 ,2 ,2 ,3 ,3 ,3 ,3 ,3 ,4 ,4 ,4 ,4 ,4 ,5 ,5 ,5 ,5 ,5 ,6 ,6 ,6 ,6 ,6 ,7 ,7 ,7 ,6 ,6 ,6 ,6 ,6 ,6 ,5 ,5 ,5 ,5 ,5 ,5 ,4 ,4 ,4 ,4 ,4 ,4 ,3 ,3 ,3 ,3 ,3 ,3 ,2 ,2 ,2 ,2 ,2 ,2 ,1 ,1 ,1 ,1 ,1 ,1 ,1 ,1 ,1 ,1 ,1 ,1 ,2 ,2 ,2 ,2 ,2 ,3 ,3 ,3 ,3 ,3 ,4 ,4 ,4 ,4 ,4 ,5 ,5 ,5 ,5 ,6 ,6 ,6 ,6 ,7 ,7
2 ,2 ,2 ,2 ,2 ,1 ,2 ,2 ,2 ,2 ,2 ,2 ,3 ,3 ,3 ,3 ,3 ,4 ,4 ,4 ,4 ,4 ,5 ,5 ,5 ,5 ,5 ,6 ,6 ,6 ,6 ,6 ,7 ,7 ,7 ,6 ,6 ,6 ,6 ,6 ,6 ,5 ,5 ,5 ,5 ,5 ,5 ,4 ,4 ,4 ,4 ,4 ,4 ,3 ,3 ,3 ,3 ,3 ,3 ,2 ,2 ,2 ,2 ,2 ,2 ,1 ,1 ,1 ,1 ,1 ,1 ,1 ,1 ,1 ,1 ,1 ,2 ,2 ,2 ,2 ,2 ,3 ,3 ,3 ,3 ,3 ,4 ,4 ,4 ,4 ,4 ,5 ,5 ,5 ,5 ,6 ,6 ,6 ,6 ,7
2 ,2 ,2 ,2 ,2 ,2 ,1 ,2 ,2 ,2 ,2 ,2 ,3 ,3 ,3 ,3 ,3 ,4 ,4 ,4 ,4 ,4 ,5 ,5 ,5 ,5 ,5 ,6 ,6 ,6 ,6 ,6 ,7 ,7 ,7 ,7 ,6 ,6 ,6 ,6 ,6 ,6 ,5 ,5 ,5 ,5 ,5 ,5 ,4 ,4 ,4 ,4 ,4 ,4 ,3 ,3 ,3 ,3 ,3 ,3 ,2 ,2 ,2 ,2 ,2 ,2 ,1 ,1 ,1 ,1 ,1 ,1 ,1 ,1 ,1 ,1 ,1 ,2 ,2 ,2 ,2 ,2 ,3 ,3 ,3 ,3 ,3 ,4 ,4 ,4 ,4 ,4 ,5 ,5 ,5 ,5 ,6 ,6 ,6 ,6
3 ,2 ,2 ,2 ,2 ,2 ,2 ,1 ,2 ,2 ,2 ,2 ,2 ,3 ,3 ,3 ,3 ,3 ,4 ,4 ,4 ,4 ,4 ,5 ,5 ,5 ,5 ,5 ,6 ,6 ,6 ,6 ,6 ,7 ,7 ,7 ,7 ,6 ,6 ,6 ,6 ,6 ,6 ,5 ,5 ,5 ,5 ,5 ,5 ,4 ,4 ,4 ,4 ,4 ,4 ,3 ,3 ,3 ,3 ,3 ,3 ,2 ,2 ,2 ,2 ,2 ,2 ,1 ,1 ,1 ,1 ,1 ,1 ,1 ,1 ,1 ,1 ,1 ,2 ,2 ,2 ,2 ,2 ,3 ,3 ,3 ,3 ,3 ,4 ,4 ,4 ,4 ,4 ,5 ,5 ,5 ,5 ,6 ,6 ,6
3 ,3 ,2 ,2 ,2 ,2 ,2 ,2 ,1 ,2 ,2 ,2 ,2 ,2 ,3 ,3 ,3 ,3 ,3 ,4 ,4 ,4 ,4 ,4 ,5 ,5 ,5 ,5 ,5 ,6 ,6 ,6 ,6 ,6 ,7 ,7 ,7 ,7 ,6 ,6 ,6 ,6 ,6 ,6 ,5 ,5 ,5 ,5 ,5 ,5 ,4 ,4 ,4 ,4 ,4 ,4 ,3 ,3 ,3 ,3 ,3 ,3 ,2 ,2 ,2 ,2 ,2 ,2 ,1 ,1 ,1 ,1 ,1 ,1 ,1 ,1 ,1 ,1 ,1 ,2 ,2 ,2 ,2 ,2 ,3 ,3 ,3 ,3 ,3 ,4 ,4 ,4 ,4 ,5 ,5 ,5 ,5 ,6 ,6 ,6
3 ,3 ,3 ,2 ,2 ,2 ,2 ,2 ,2 ,1 ,2 ,2 ,2 ,2 ,2 ,3 ,3 ,3 ,3 ,3 ,4 ,4 ,4 ,4 ,4 ,5 ,5 ,5 ,5 ,5 ,6 ,6 ,6 ,6 ,6 ,7 ,7 ,7 ,7 ,6 ,6 ,6 ,6 ,6 ,6 ,5 ,5 ,5 ,5 ,5 ,5 ,4 ,4 ,4 ,4 ,4 ,4 ,3 ,3 ,3 ,3 ,3 ,3 ,2 ,2 ,2 ,2 ,2 ,2 ,1 ,1 ,1 ,1 ,1 ,1 ,1 ,1 ,1 ,1 ,1 ,2 ,2 ,2 ,2 ,2 ,3 ,3 ,3 ,3 ,3 ,4 ,4 ,4 ,4 ,5 ,5 ,5 ,5 ,6 ,6
3 ,3 ,3 ,3 ,2 ,2 ,2 ,2 ,2 ,2 ,1 ,2 ,2 ,2 ,2 ,2 ,3 ,3 ,3 ,3 ,3 ,4 ,4 ,4 ,4 ,4 ,5 ,5 ,5 ,5 ,5 ,6 ,6 ,6 ,6 ,6 ,7 ,7 ,7 ,7 ,7 ,6 ,6 ,6 ,6 ,6 ,6 ,5 ,5 ,5 ,5 ,5 ,5 ,4 ,4 ,4 ,4 ,4 ,4 ,3 ,3 ,3 ,3 ,3 ,3 ,2 ,2 ,2 ,2 ,2 ,1 ,1 ,1 ,1 ,1 ,1 ,1 ,1 ,1 ,1 ,1 ,2 ,2 ,2 ,2 ,2 ,3 ,3 ,3 ,3 ,3 ,4 ,4 ,4 ,4 ,5 ,5 ,5 ,5 ,6
3 ,3 ,3 ,3 ,3 ,2 ,2 ,2 ,2 ,2 ,2 ,1 ,2 ,2 ,2 ,2 ,2 ,3 ,3 ,3 ,3 ,3 ,4 ,4 ,4 ,4 ,4 ,5 ,5 ,5 ,5 ,5 ,6 ,6 ,6 ,6 ,6 ,7 ,7 ,7 ,7 ,7 ,6 ,6 ,6 ,6 ,6 ,6 ,5 ,5 ,5 ,5 ,5 ,5 ,4 ,4 ,4 ,4 ,4 ,4 ,3 ,3 ,3 ,3 ,3 ,3 ,2 ,2 ,2 ,2 ,2 ,1 ,1 ,1 ,1 ,1 ,1 ,1 ,1 ,1 ,1 ,1 ,2 ,2 ,2 ,2 ,2 ,3 ,3 ,3 ,3 ,3 ,4 ,4 ,4 ,4 ,5 ,5 ,5 ,5
3 ,3 ,3 ,3 ,3 ,3 ,2 ,2 ,2 ,2 ,2 ,2 ,1 ,2 ,2 ,2 ,2 ,2 ,3 ,3 ,3 ,3 ,3 ,4 ,4 ,4 ,4 ,4 ,5 ,5 ,5 ,5 ,5 ,6 ,6 ,6 ,6 ,6 ,7 ,7 ,7 ,7 ,7 ,6 ,6 ,6 ,6 ,6 ,6 ,5 ,5 ,5 ,5 ,5 ,5 ,4 ,4 ,4 ,4 ,4 ,4 ,3 ,3 ,3 ,3 ,3 ,3 ,2 ,2 ,2 ,2 ,2 ,1 ,1 ,1 ,1 ,1 ,1 ,1 ,1 ,1 ,1 ,1 ,2 ,2 ,2 ,2 ,2 ,3 ,3 ,3 ,3 ,3 ,4 ,4 ,4 ,4 ,5 ,5 ,5
4 ,3 ,3 ,3 ,3 ,3 ,3 ,2 ,2 ,2 ,2 ,2 ,2 ,1 ,2 ,2 ,2 ,2 ,2 ,3 ,3 ,3 ,3 ,3 ,4 ,4 ,4 ,4 ,4 ,5 ,5 ,5 ,5 ,5 ,6 ,6 ,6 ,6 ,6 ,7 ,7 ,7 ,7 ,7 ,6 ,6 ,6 ,6 ,6 ,6 ,5 ,5 ,5 ,5 ,5 ,5 ,4 ,4 ,4 ,4 ,4 ,4 ,3 ,3 ,3 ,3 ,3 ,3 ,2 ,2 ,2 ,2 ,2 ,1 ,1 ,1 ,1 ,1 ,1 ,1 ,1 ,1 ,1 ,1 ,2 ,2 ,2 ,2 ,2 ,3 ,3 ,3 ,3 ,4 ,4 ,4 ,4 ,5 ,5 ,5
4 ,4 ,3 ,3 ,3 ,3 ,3 ,3 ,2 ,2 ,2 ,2 ,2 ,2 ,1 ,2 ,2 ,2 ,2 ,2 ,3 ,3 ,3 ,3 ,3 ,4 ,4 ,4 ,4 ,4 ,5 ,5 ,5 ,5 ,5 ,6 ,6 ,6 ,6 ,6 ,7 ,7 ,7 ,7 ,7 ,6 ,6 ,6 ,6 ,6 ,6 ,5 ,5 ,5 ,5 ,5 ,5 ,4 ,4 ,4 ,4 ,4 ,4 ,3 ,3 ,3 ,3 ,3 ,3 ,2 ,2 ,2 ,2 ,2 ,1 ,1 ,1 ,1 ,1 ,1 ,1 ,1 ,1 ,1 ,1 ,2 ,2 ,2 ,2 ,2 ,3 ,3 ,3 ,3 ,4 ,4 ,4 ,4 ,5 ,5
4 ,4 ,4 ,3 ,3 ,3 ,3 ,3 ,3 ,2 ,2 ,2 ,2 ,2 ,2 ,1 ,2 ,2 ,2 ,2 ,2 ,3 ,3 ,3 ,3 ,3 ,4 ,4 ,4 ,4 ,4 ,5 ,5 ,5 ,5 ,5 ,6 ,6 ,6 ,6 ,6 ,7 ,7 ,7 ,7 ,7 ,7 ,6 ,6 ,6 ,6 ,6 ,6 ,5 ,5 ,5 ,5 ,5 ,5 ,4 ,4 ,4 ,4 ,4 ,4 ,3 ,3 ,3 ,3 ,3 ,2 ,2 ,2 ,2 ,2 ,1 ,1 ,1 ,1 ,1 ,1 ,1 ,1 ,1 ,1 ,1 ,2 ,2 ,2 ,2 ,2 ,3 ,3 ,3 ,3 ,4 ,4 ,4 ,4 ,5
4 ,4 ,4 ,4 ,3 ,3 ,3 ,3 ,3 ,3 ,2 ,2 ,2 ,2 ,2 ,2 ,1 ,2 ,2 ,2 ,2 ,2 ,3 ,3 ,3 ,3 ,3 ,4 ,4 ,4 ,4 ,4 ,5 ,5 ,5 ,5 ,5 ,6 ,6 ,6 ,6 ,6 ,7 ,7 ,7 ,7 ,7 ,7 ,6 ,6 ,6 ,6 ,6 ,6 ,5 ,5 ,5 ,5 ,5 ,5 ,4 ,4 ,4 ,4 ,4 ,4 ,3 ,3 ,3 ,3 ,3 ,2 ,2 ,2 ,2 ,2 ,1 ,1 ,1 ,1 ,1 ,1 ,1 ,1 ,1 ,1 ,1 ,2 ,2 ,2 ,2 ,2 ,3 ,3 ,3 ,3 ,4 ,4 ,4 ,4
4 ,4 ,4 ,4 ,4 ,3 ,3 ,3 ,3 ,3 ,3 ,2 ,2 ,2 ,2 ,2 ,2 ,1 ,2 ,2 ,2 ,2 ,2 ,3 ,3 ,3 ,3 ,3 ,4 ,4 ,4 ,4 ,4 ,5 ,5 ,5 ,5 ,5 ,6 ,6 ,6 ,6 ,6 ,7 ,7 ,7 ,7 ,7 ,7 ,6 ,6 ,6 ,6 ,6 ,6 ,5 ,5 ,5 ,5 ,5 ,5 ,4 ,4 ,4 ,4 ,4 ,4 ,3 ,3 ,3 ,3 ,3 ,2 ,2 ,2 ,2 ,2 ,1 ,1 ,1 ,1 ,1 ,1 ,1 ,1 ,1 ,1 ,1 ,2 ,2 ,2 ,2 ,2 ,3 ,3 ,3 ,3 ,4 ,4 ,4
4 ,4 ,4 ,4 ,4 ,4 ,3 ,3 ,3 ,3 ,3 ,3 ,2 ,2 ,2 ,2 ,2 ,2 ,1 ,2 ,2 ,2 ,2 ,2 ,3 ,3 ,3 ,3 ,3 ,4 ,4 ,4 ,4 ,4 ,5 ,5 ,5 ,5 ,5 ,6 ,6 ,6 ,6 ,6 ,7 ,7 ,7 ,7 ,7 ,7 ,6 ,6 ,6 ,6 ,6 ,6 ,5 ,5 ,5 ,5 ,5 ,5 ,4 ,4 ,4 ,4 ,4 ,4 ,3 ,3 ,3 ,3 ,3 ,2 ,2 ,2 ,2 ,2 ,1 ,1 ,1 ,1 ,1 ,1 ,1 ,1 ,1 ,1 ,1 ,2 ,2 ,2 ,2 ,3 ,3 ,3 ,3 ,4 ,4 ,4
5 ,4 ,4 ,4 ,4 ,4 ,4 ,3 ,3 ,3 ,3 ,3 ,3 ,2 ,2 ,2 ,2 ,2 ,2 ,1 ,2 ,2 ,2 ,2 ,2 ,3 ,3 ,3 ,3 ,3 ,4 ,4 ,4 ,4 ,4 ,5 ,5 ,5 ,5 ,5 ,6 ,6 ,6 ,6 ,6 ,7 ,7 ,7 ,7 ,7 ,7 ,6 ,6 ,6 ,6 ,6 ,6 ,5 ,5 ,5 ,5 ,5 ,5 ,4 ,4 ,4 ,4 ,4 ,4 ,3 ,3 ,3 ,3 ,3 ,2 ,2 ,2 ,2 ,2 ,1 ,1 ,1 ,1 ,1 ,1 ,1 ,1 ,1 ,1 ,1 ,2 ,2 ,2 ,2 ,3 ,3 ,3 ,3 ,4 ,4
5 ,5 ,4 ,4 ,4 ,4 ,4 ,4 ,3 ,3 ,3 ,3 ,3 ,3 ,2 ,2 ,2 ,2 ,2 ,2 ,1 ,2 ,2 ,2 ,2 ,2 ,3 ,3 ,3 ,3 ,3 ,4 ,4 ,4 ,4 ,4 ,5 ,5 ,5 ,5 ,5 ,6 ,6 ,6 ,6 ,6 ,7 ,7 ,7 ,7 ,7 ,7 ,7 ,6 ,6 ,6 ,6 ,6 ,6 ,5 ,5 ,5 ,5 ,5 ,5 ,4 ,4 ,4 ,4 ,4 ,3 ,3 ,3 ,3 ,3 ,2 ,2 ,2 ,2 ,2 ,1 ,1 ,1 ,1 ,1 ,1 ,1 ,1 ,1 ,1 ,1 ,2 ,2 ,2 ,2 ,3 ,3 ,3 ,3 ,4
5 ,5 ,5 ,4 ,4 ,4 ,4 ,4 ,4 ,3 ,3 ,3 ,3 ,3 ,3 ,2 ,2 ,2 ,2 ,2 ,2 ,1 ,2 ,2 ,2 ,2 ,2 ,3 ,3 ,3 ,3 ,3 ,4 ,4 ,4 ,4 ,4 ,5 ,5 ,5 ,5 ,5 ,6 ,6 ,6 ,6 ,6 ,7 ,7 ,7 ,7 ,7 ,7 ,7 ,6 ,6 ,6 ,6 ,6 ,6 ,5 ,5 ,5 ,5 ,5 ,5 ,4 ,4 ,4 ,4 ,4 ,3 ,3 ,3 ,3 ,3 ,2 ,2 ,2 ,2 ,2 ,1 ,1 ,1 ,1 ,1 ,1 ,1 ,1 ,1 ,1 ,1 ,2 ,2 ,2 ,2 ,3 ,3 ,3 ,3
5 ,5 ,5 ,5 ,4 ,4 ,4 ,4 ,4 ,4 ,3 ,3 ,3 ,3 ,3 ,3 ,2 ,2 ,2 ,2 ,2 ,2 ,1 ,2 ,2 ,2 ,2 ,2 ,3 ,3 ,3 ,3 ,3 ,4 ,4 ,4 ,4 ,4 ,5 ,5 ,5 ,5 ,5 ,6 ,6 ,6 ,6 ,6 ,7 ,7 ,7 ,7 ,7 ,7 ,7 ,6 ,6 ,6 ,6 ,6 ,6 ,5 ,5 ,5 ,5 ,5 ,5 ,4 ,4 ,4 ,4 ,4 ,3 ,3 ,3 ,3 ,3 ,2 ,2 ,2 ,2 ,2 ,1 ,1 ,1 ,1 ,1 ,1 ,1 ,1 ,1 ,1 ,1 ,2 ,2 ,2 ,2 ,3 ,3 ,3
5 ,5 ,5 ,5 ,4 ,4 ,4 ,4 ,4 ,4 ,3 ,3 ,3 ,3 ,3 ,3 ,2 ,2 ,2 ,2 ,2 ,2 ,1 ,1 ,2 ,2 ,2 ,2 ,2 ,3 ,3 ,3 ,3 ,3 ,4 ,4 ,4 ,4 ,4 ,5 ,5 ,5 ,5 ,5 ,6 ,6 ,6 ,6 ,6 ,7 ,7 ,7 ,7 ,7 ,7 ,7 ,6 ,6 ,6 ,6 ,6 ,6 ,5 ,5 ,5 ,5 ,5 ,5 ,4 ,4 ,4 ,4 ,4 ,3 ,3 ,3 ,3 ,3 ,2 ,2 ,2 ,2 ,2 ,1 ,1 ,1 ,1 ,1 ,1 ,1 ,1 ,1 ,1 ,2 ,2 ,2 ,2 ,3 ,3 ,3
5 ,5 ,5 ,5 ,5 ,4 ,4 ,4 ,4 ,4 ,4 ,3 ,3 ,3 ,3 ,3 ,3 ,2 ,2 ,2 ,2 ,2 ,2 ,1 ,1 ,2 ,2 ,2 ,2 ,2 ,3 ,3 ,3 ,3 ,3 ,4 ,4 ,4 ,4 ,4 ,5 ,5 ,5 ,5 ,5 ,6 ,6 ,6 ,6 ,6 ,7 ,7 ,7 ,7 ,7 ,7 ,7 ,6 ,6 ,6 ,6 ,6 ,6 ,5 ,5 ,5 ,5 ,5 ,5 ,4 ,4 ,4 ,4 ,4 ,3 ,3 ,3 ,3 ,3 ,2 ,2 ,2 ,2 ,2 ,1 ,1 ,1 ,1 ,1 ,1 ,1 ,1 ,1 ,1 ,2 ,2 ,2 ,2 ,3 ,3
5 ,5 ,5 ,5 ,5 ,5 ,4 ,4 ,4 ,4 ,4 ,4 ,3 ,3 ,3 ,3 ,3 ,3 ,2 ,2 ,2 ,2 ,2 ,2 ,1 ,1 ,2 ,2 ,2 ,2 ,2 ,3 ,3 ,3 ,3 ,3 ,4 ,4 ,4 ,4 ,4 ,5 ,5 ,5 ,5 ,5 ,6 ,6 ,6 ,6 ,6 ,7 ,7 ,7 ,7 ,7 ,7 ,7 ,7 ,6 ,6 ,6 ,6 ,6 ,6 ,5 ,5 ,5 ,5 ,5 ,4 ,4 ,4 ,4 ,4 ,3 ,3 ,3 ,3 ,3 ,2 ,2 ,2 ,2 ,2 ,1 ,1 ,1 ,1 ,1 ,1 ,1 ,1 ,1 ,1 ,2 ,2 ,2 ,2 ,3
6 ,5 ,5 ,5 ,5 ,5 ,5 ,4 ,4 ,4 ,4 ,4 ,4 ,3 ,3 ,3 ,3 ,3 ,3 ,2 ,2 ,2 ,2 ,2 ,2 ,1 ,1 ,2 ,2 ,2 ,2 ,2 ,3 ,3 ,3 ,3 ,3 ,4 ,4 ,4 ,4 ,4 ,5 ,5 ,5 ,5 ,5 ,6 ,6 ,6 ,6 ,6 ,7 ,7 ,7 ,7 ,7 ,7 ,7 ,7 ,6 ,6 ,6 ,6 ,6 ,6 ,5 ,5 ,5 ,5 ,5 ,4 ,4 ,4 ,4 ,4 ,3 ,3 ,3 ,3 ,3 ,2 ,2 ,2 ,2 ,2 ,1 ,1 ,1 ,1 ,1 ,1 ,1 ,1 ,1 ,1 ,2 ,2 ,2 ,2
6 ,6 ,5 ,5 ,5 ,5 ,5 ,5 ,4 ,4 ,4 ,4 ,4 ,4 ,3 ,3 ,3 ,3 ,3 ,3 ,2 ,2 ,2 ,2 ,2 ,2 ,1 ,1 ,2 ,2 ,2 ,2 ,2 ,3 ,3 ,3 ,3 ,3 ,4 ,4 ,4 ,4 ,4 ,5 ,5 ,5 ,5 ,5 ,6 ,6 ,6 ,6 ,6 ,7 ,7 ,7 ,7 ,7 ,7 ,7 ,7 ,6 ,6 ,6 ,6 ,6 ,6 ,5 ,5 ,5 ,5 ,5 ,4 ,4 ,4 ,4 ,4 ,3 ,3 ,3 ,3 ,3 ,2 ,2 ,2 ,2 ,2 ,1 ,1 ,1 ,1 ,1 ,1 ,1 ,1 ,1 ,1 ,2 ,2 ,2
6 ,6 ,6 ,5 ,5 ,5 ,5 ,5 ,5 ,4 ,4 ,4 ,4 ,4 ,4 ,3 ,3 ,3 ,3 ,3 ,3 ,2 ,2 ,2 ,2 ,2 ,2 ,1 ,1 ,2 ,2 ,2 ,2 ,2 ,3 ,3 ,3 ,3 ,3 ,4 ,4 ,4 ,4 ,4 ,5 ,5 ,5 ,5 ,5 ,6 ,6 ,6 ,6 ,6 ,7 ,7 ,7 ,7 ,7 ,7 ,7 ,7 ,6 ,6 ,6 ,6 ,6 ,6 ,5 ,5 ,5 ,5 ,5 ,4 ,4 ,4 ,4 ,4 ,3 ,3 ,3 ,3 ,3 ,2 ,2 ,2 ,2 ,2 ,1 ,1 ,1 ,1 ,1 ,1 ,1 ,1 ,1 ,1 ,2 ,2
6 ,6 ,6 ,6 ,5 ,5 ,5 ,5 ,5 ,5 ,4 ,4 ,4 ,4 ,4 ,4 ,3 ,3 ,3 ,3 ,3 ,3 ,2 ,2 ,2 ,2 ,2 ,2 ,1 ,1 ,2 ,2 ,2 ,2 ,2 ,2 ,3 ,3 ,3 ,3 ,3 ,4 ,4 ,4 ,4 ,4 ,5 ,5 ,5 ,5 ,5 ,6 ,6 ,6 ,6 ,6 ,7 ,7 ,7 ,7 ,7 ,7 ,7 ,6 ,6 ,6 ,6 ,6 ,6 ,5 ,5 ,5 ,5 ,5 ,4 ,4 ,4 ,4 ,4 ,3 ,3 ,3 ,3 ,3 ,2 ,2 ,2 ,2 ,2 ,1 ,1 ,1 ,1 ,1 ,1 ,1 ,1 ,1 ,1 ,2
6 ,6 ,6 ,6 ,6 ,5 ,5 ,5 ,5 ,5 ,5 ,4 ,4 ,4 ,4 ,4 ,4 ,3 ,3 ,3 ,3 ,3 ,3 ,2 ,2 ,2 ,2 ,2 ,2 ,1 ,1 ,2 ,2 ,2 ,2 ,2 ,2 ,3 ,3 ,3 ,3 ,3 ,4 ,4 ,4 ,4 ,4 ,5 ,5 ,5 ,5 ,5 ,6 ,6 ,6 ,6 ,6 ,7 ,7 ,7 ,7 ,7 ,7 ,7 ,7 ,6 ,6 ,6 ,6 ,6 ,5 ,5 ,5 ,5 ,5 ,4 ,4 ,4 ,4 ,4 ,3 ,3 ,3 ,3 ,3 ,2 ,2 ,2 ,2 ,2 ,1 ,1 ,1 ,1 ,1 ,1 ,1 ,1 ,1 ,1
6 ,6 ,6 ,6 ,6 ,6 ,5 ,5 ,5 ,5 ,5 ,5 ,4 ,4 ,4 ,4 ,4 ,4 ,3 ,3 ,3 ,3 ,3 ,3 ,2 ,2 ,2 ,2 ,2 ,2 ,1 ,1 ,1 ,2 ,2 ,2 ,2 ,2 ,3 ,3 ,3 ,3 ,3 ,4 ,4 ,4 ,4 ,4 ,5 ,5 ,5 ,5 ,5 ,6 ,6 ,6 ,6 ,6 ,7 ,7 ,7 ,7 ,7 ,7 ,7 ,7 ,6 ,6 ,6 ,6 ,6 ,5 ,5 ,5 ,5 ,5 ,4 ,4 ,4 ,4 ,4 ,3 ,3 ,3 ,3 ,3 ,2 ,2 ,2 ,2 ,2 ,1 ,1 ,1 ,1 ,1 ,1 ,1 ,1 ,1
6 ,6 ,6 ,6 ,6 ,6 ,5 ,5 ,5 ,5 ,5 ,5 ,4 ,4 ,4 ,4 ,4 ,4 ,3 ,3 ,3 ,3 ,3 ,3 ,2 ,2 ,2 ,2 ,2 ,2 ,1 ,1 ,1 ,1 ,2 ,2 ,2 ,2 ,2 ,3 ,3 ,3 ,3 ,3 ,4 ,4 ,4 ,4 ,4 ,5 ,5 ,5 ,5 ,5 ,6 ,6 ,6 ,6 ,6 ,7 ,7 ,7 ,7 ,7 ,7 ,7 ,7 ,6 ,6 ,6 ,6 ,6 ,5 ,5 ,5 ,5 ,5 ,4 ,4 ,4 ,4 ,4 ,3 ,3 ,3 ,3 ,3 ,2 ,2 ,2 ,2 ,2 ,1 ,1 ,1 ,1 ,1 ,1 ,1 ,1
7 ,6 ,6 ,6 ,6 ,6 ,6 ,5 ,5 ,5 ,5 ,5 ,5 ,4 ,4 ,4 ,4 ,4 ,4 ,3 ,3 ,3 ,3 ,3 ,3 ,2 ,2 ,2 ,2 ,2 ,2 ,1 ,1 ,1 ,1 ,1 ,2 ,2 ,2 ,2 ,2 ,3 ,3 ,3 ,3 ,3 ,4 ,4 ,4 ,4 ,4 ,5 ,5 ,5 ,5 ,5 ,6 ,6 ,6 ,6 ,6 ,7 ,7 ,7 ,7 ,7 ,7 ,7 ,6 ,6 ,6 ,6 ,6 ,5 ,5 ,5 ,5 ,5 ,4 ,4 ,4 ,4 ,4 ,3 ,3 ,3 ,3 ,3 ,2 ,2 ,2 ,2 ,2 ,1 ,1 ,1 ,1 ,1 ,1 ,1
7 ,6 ,6 ,6 ,6 ,6 ,6 ,5 ,5 ,5 ,5 ,5 ,5 ,4 ,4 ,4 ,4 ,4 ,4 ,3 ,3 ,3 ,3 ,3 ,3 ,2 ,2 ,2 ,2 ,2 ,2 ,1 ,1 ,1 ,1 ,1 ,1 ,2 ,2 ,2 ,2 ,2 ,3 ,3 ,3 ,3 ,3 ,4 ,4 ,4 ,4 ,4 ,5 ,5 ,5 ,5 ,5 ,6 ,6 ,6 ,6 ,6 ,7 ,7 ,7 ,7 ,7 ,7 ,7 ,6 ,6 ,6 ,6 ,6 ,5 ,5 ,5 ,5 ,5 ,4 ,4 ,4 ,4 ,4 ,3 ,3 ,3 ,3 ,3 ,2 ,2 ,2 ,2 ,2 ,1 ,1 ,1 ,1 ,1 ,1
